header: 
  seq: 1016
  stamp: 
    secs: 1727854538
    nsecs:  85790976
  frame_id: "camera_color_optical_frame"
height: 720
width: 1280
distortion_model: "rational_polynomial"
D: [-0.03164944052696228, 0.03454863280057907, 3.312328044557944e-05, -0.0008416193886660039, -0.011783664114773273, 0.0, 0.0, 0.0]
K: [610.6340942382812, 0.0, 635.8567504882812, 0.0, 610.8860473632812, 355.1409912109375, 0.0, 0.0, 1.0]
R: [1.0, 0.0, 0.0, 0.0, 1.0, 0.0, 0.0, 0.0, 1.0]
P: [610.6340942382812, 0.0, 635.8567504882812, 0.0, 0.0, 610.8860473632812, 355.1409912109375, 0.0, 0.0, 0.0, 1.0, 0.0]
binning_x: 0
binning_y: 0
roi: 
  x_offset: 0
  y_offset: 0
  height: 0
  width: 0
  do_rectify: False